0 0 0 4.9938 125.756
1 0.175381 0.0250563 4.28376 95.9383
5 0.527644 0.0753924 4.14138 89.9622
10 0.958758 0.136999 4.08185 87.4643
25 1.98973 0.284331 4.01673 84.7324
50 2.52642 0.361079 4.00028 84.0435
75 2.58136 0.36893 3.99931 84.0028
100 2.58679 0.369706 3.99924 84.0001
200 2.58699 0.369734 3.99924 84
350 2.58699 0.369734 3.99924 84
500 2.58699 0.369734 3.99924 84
750 2.58699 0.369734 3.99924 84
1000 2.58699 0.369734 3.99924 84
1500 2.58699 0.369734 3.99924 84
2000 2.58699 0.369734 3.99924 84
