0 0 0 3.99116 84.0006
1 1.12645e-06 1.60921e-07 3.99116 84.0005
5 3.12155e-05 4.45935e-06 3.99115 84.0001
10 5.00793e-05 7.15419e-06 3.99114 84
25 5.00793e-05 7.15419e-06 3.99114 84
50 5.00793e-05 7.15419e-06 3.99114 84
75 5.00793e-05 7.15419e-06 3.99114 84
100 5.00793e-05 7.15419e-06 3.99114 84
200 5.00793e-05 7.15419e-06 3.99114 84
350 5.00793e-05 7.15419e-06 3.99114 84
500 5.00793e-05 7.15419e-06 3.99114 84
750 5.00793e-05 7.15419e-06 3.99114 84
1000 5.00793e-05 7.15419e-06 3.99114 84
1500 5.00793e-05 7.15419e-06 3.99114 84
2000 5.00793e-05 7.15419e-06 3.99114 84
