0 0 0 4.00267 84.2922
1 0.000591989 8.45698e-05 4.00113 84.2278
5 0.00572854 0.000818592 3.99927 84.1499
10 0.0149823 0.00214056 3.99801 84.0967
25 0.0426911 0.00609896 3.99634 84.0267
50 0.0626104 0.00894458 3.99574 84.0013
75 0.0642165 0.00917402 3.99571 84.0001
100 0.0643756 0.00919675 3.99571 84
200 0.0643756 0.00919675 3.99571 84
350 0.0643756 0.00919675 3.99571 84
500 0.0643756 0.00919675 3.99571 84
750 0.0643756 0.00919675 3.99571 84
1000 0.0643756 0.00919675 3.99571 84
1500 0.0643756 0.00919675 3.99571 84
2000 0.0643756 0.00919675 3.99571 84
