0 0 0 7.92866 125.871
1 0.154168 0.0409831 4.50223 89.3473
5 0.328366 0.0876989 3.99944 84.0001
10 0.328378 0.0877014 3.99943 84
25 0.328378 0.0877014 3.99943 84
50 0.328378 0.0877014 3.99943 84
75 0.328378 0.0877014 3.99943 84
100 0.328378 0.0877014 3.99943 84
200 0.328378 0.0877014 3.99943 84
350 0.328378 0.0877014 3.99943 84
500 0.328378 0.0877014 3.99943 84
750 0.328378 0.0877014 3.99943 84
1000 0.328378 0.0877014 3.99943 84
1500 0.328378 0.0877014 3.99943 84
2000 0.328378 0.0877014 3.99943 84
