1310 10.0 6.0 6.0 6.0 6.0 6.0 6.0 6.0 6.0 6.0 6.0 6.0
1311 10.0 7.0 16.0 16.0 7.0 7.0 7.0 7.0 7.0 7.0 7.0 7.0
1312 11.0 17.0 13.0 13.0 46.0 17.0 20.0 20.0 21.0 21.0 21.0 21.0
1313 11.0 28.0 11.0 11.0 45.0 29.0 33.0 33.0 35.0 35.0 35.0 35.0
1314 10.0 13.0 10.0 10.0 44.0 44.0 44.0 44.0 45.0 45.0 45.0 45.0
1315 9.0 10.0 9.0 9.0 11.0 11.0 11.0 11.0 11.0 11.0 11.0 11.0
1316 8.0 11.0 16.0 11.0 11.0 11.0 11.0 11.0 11.0 11.0 11.0 11.0
1317 8.0 38.0 9.0 38.0 41.0 38.0 39.0 39.0 42.0 42.0 42.0 42.0
1318 7.0 24.0 9.0 24.0 40.0 26.0 31.0 31.0 31.0 31.0 31.0 31.0
1319 7.0 19.0 10.0 19.0 39.0 20.0 24.0 24.0 26.0 26.0 26.0 26.0
