1275 2.0 12.0 7.0 12.0 4.0 13.0 13.0 13.0 15.0 15.0 15.0 15.0
1276 2.0 10.0 8.0 10.0 3.0 12.0 12.0 12.0 13.0 13.0 13.0 13.0
1277 2.0 9.0 9.0 9.0 2.0 10.0 10.0 10.0 12.0 12.0 12.0 12.0
1278 2.0 8.0 6.0 8.0 1.0 10.0 10.0 10.0 12.0 12.0 12.0 12.0
1279 3.0 6.0 5.0 6.0 30.0 7.0 7.0 7.0 9.0 9.0 9.0 9.0
1280 4.0 6.0 7.0 7.0 29.0 7.0 7.0 7.0 9.0 9.0 9.0 9.0
1281 6.0 5.0 26.0 26.0 28.0 7.0 7.0 7.0 8.0 8.0 8.0 8.0
1282 22.0 6.0 25.0 25.0 27.0 8.0 8.0 8.0 10.0 10.0 10.0 10.0
1283 23.0 8.0 24.0 24.0 26.0 10.0 10.0 10.0 13.0 13.0 13.0 13.0
1284 23.0 8.0 27.0 27.0 25.0 10.0 10.0 10.0 13.0 13.0 13.0 13.0
