1125 2.0 11.0 8.0 11.0 3.0 11.0 3.0 3.0 12.0 12.0 12.0 12.0
1126 2.0 9.0 7.0 9.0 2.0 9.0 1.0 1.0 10.0 10.0 10.0 10.0
1127 2.0 8.0 6.0 8.0 1.0 8.0 0.0 0.0 8.0 8.0 8.0 8.0
1128 2.0 7.0 8.0 8.0 0.0 9.0 0.0 0.0 9.0 9.0 9.0 9.0
1129 2.0 6.0 7.0 7.0 5.0 6.0 8.0 8.0 7.0 7.0 7.0 7.0
1130 2.0 5.0 5.0 5.0 4.0 5.0 7.0 7.0 6.0 6.0 6.0 6.0
1131 3.0 5.0 7.0 7.0 3.0 5.0 7.0 7.0 5.0 5.0 5.0 5.0
1132 4.0 5.0 16.0 16.0 2.0 6.0 8.0 8.0 6.0 6.0 6.0 6.0
1133 9.0 6.0 15.0 15.0 1.0 1.0 1.0 1.0 1.0 1.0 1.0 1.0
1134 11.0 6.0 15.0 15.0 18.0 6.0 9.0 9.0 6.0 6.0 6.0 6.0
