1220 13.0 7.0 27.0 27.0 26.0 7.0 7.0 7.0 9.0 9.0 9.0 9.0
1221 14.0 6.0 25.0 25.0 25.0 6.0 6.0 6.0 9.0 9.0 9.0 9.0
1222 21.0 7.0 24.0 24.0 24.0 7.0 7.0 7.0 11.0 11.0 11.0 11.0
1223 22.0 9.0 23.0 23.0 23.0 8.0 8.0 8.0 14.0 14.0 14.0 14.0
1224 22.0 16.0 22.0 22.0 22.0 17.0 17.0 17.0 29.0 29.0 29.0 29.0
1225 21.0 20.0 22.0 22.0 21.0 19.0 19.0 19.0 26.0 26.0 26.0 26.0
1226 20.0 20.0 20.0 20.0 20.0 20.0 20.0 20.0 23.0 23.0 23.0 23.0
1227 19.0 21.0 20.0 20.0 19.0 19.0 19.0 19.0 19.0 19.0 19.0 19.0
1228 19.0 20.0 19.0 19.0 18.0 18.0 18.0 18.0 18.0 18.0 18.0 18.0
1229 18.0 18.0 18.0 18.0 16.0 16.0 16.0 16.0 16.0 16.0 16.0 16.0
