1265 2.0 16.0 27.0 27.0 14.0 16.0 16.0 16.0 16.0 16.0 16.0 16.0
1266 2.0 16.0 40.0 40.0 13.0 16.0 16.0 16.0 16.0 16.0 16.0 16.0
1267 2.0 16.0 39.0 39.0 12.0 18.0 18.0 18.0 20.0 20.0 20.0 20.0
1268 3.0 17.0 39.0 39.0 11.0 18.0 18.0 18.0 20.0 20.0 20.0 20.0
1269 3.0 17.0 9.0 9.0 10.0 18.0 18.0 18.0 20.0 20.0 20.0 20.0
1270 3.0 18.0 8.0 8.0 9.0 19.0 19.0 19.0 21.0 21.0 21.0 21.0
1271 3.0 17.0 20.0 20.0 8.0 18.0 18.0 18.0 20.0 20.0 20.0 20.0
1272 3.0 16.0 14.0 16.0 7.0 17.0 17.0 17.0 19.0 19.0 19.0 19.0
1273 3.0 15.0 22.0 22.0 6.0 16.0 16.0 16.0 18.0 18.0 18.0 18.0
1274 2.0 14.0 17.0 17.0 5.0 16.0 16.0 16.0 18.0 18.0 18.0 18.0
