1180 2.0 7.0 19.0 19.0 19.0 6.0 7.0 7.0 6.0 6.0 6.0 6.0
1181 3.0 7.0 17.0 17.0 18.0 7.0 7.0 7.0 7.0 7.0 7.0 7.0
1182 3.0 7.0 15.0 15.0 17.0 7.0 7.0 7.0 7.0 7.0 7.0 7.0
1183 4.0 6.0 18.0 18.0 16.0 6.0 6.0 6.0 6.0 6.0 6.0 6.0
1184 9.0 6.0 17.0 17.0 15.0 6.0 6.0 6.0 6.0 6.0 6.0 6.0
1185 9.0 5.0 14.0 14.0 14.0 5.0 6.0 6.0 5.0 5.0 5.0 5.0
1186 10.0 6.0 12.0 12.0 13.0 6.0 6.0 6.0 6.0 6.0 6.0 6.0
1187 10.0 19.0 11.0 11.0 12.0 19.0 7.0 7.0 19.0 19.0 19.0 19.0
1188 9.0 15.0 10.0 10.0 11.0 15.0 9.0 9.0 15.0 15.0 15.0 15.0
1189 9.0 11.0 9.0 9.0 10.0 11.0 10.0 10.0 11.0 11.0 11.0 11.0
