1015 2.0 6.0 8.0 8.0 6.0 6.0 6.0 6.0 6.0 6.0 6.0 6.0
1016 2.0 6.0 17.0 17.0 6.0 6.0 6.0 6.0 6.0 6.0 6.0 6.0
1017 1.0 9.0 6.0 6.0 11.0 9.0 13.0 13.0 9.0 9.0 9.0 9.0
1018 2.0 15.0 8.0 8.0 10.0 15.0 10.0 10.0 15.0 15.0 15.0 15.0
1019 3.0 16.0 8.0 8.0 8.0 16.0 8.0 8.0 16.0 16.0 16.0 16.0
1020 3.0 8.0 4.0 4.0 6.0 17.0 8.0 8.0 17.0 17.0 17.0 17.0
1021 2.0 16.0 13.0 16.0 5.0 16.0 5.0 5.0 16.0 16.0 16.0 16.0
1022 1.0 11.0 8.0 11.0 3.0 11.0 3.0 3.0 11.0 11.0 11.0 11.0
1023 2.0 10.0 4.0 10.0 2.0 10.0 2.0 2.0 10.0 10.0 10.0 10.0
1024 2.0 8.0 8.0 8.0 8.0 8.0 8.0 8.0 8.0 8.0 8.0 8.0
