1115 5.0 7.0 6.0 6.0 3.0 3.0 3.0 3.0 3.0 3.0 3.0 3.0
1116 5.0 6.0 6.0 6.0 6.0 6.0 6.0 6.0 6.0 6.0 6.0 6.0
1117 4.0 6.0 17.0 6.0 6.0 6.0 6.0 6.0 6.0 6.0 6.0 6.0
1118 3.0 6.0 17.0 6.0 5.0 5.0 5.0 5.0 5.0 5.0 5.0 5.0
1119 3.0 6.0 13.0 6.0 5.0 5.0 5.0 5.0 5.0 5.0 5.0 5.0
1120 2.0 6.0 10.0 6.0 5.0 6.0 6.0 6.0 6.0 6.0 6.0 6.0
1121 2.0 7.0 9.0 7.0 4.0 7.0 7.0 7.0 7.0 7.0 7.0 7.0
1122 2.0 19.0 9.0 19.0 3.0 9.0 6.0 6.0 9.0 9.0 9.0 9.0
1123 2.0 16.0 9.0 16.0 2.0 16.0 5.0 5.0 16.0 16.0 16.0 16.0
1124 2.0 13.0 8.0 13.0 4.0 13.0 4.0 4.0 14.0 14.0 14.0 14.0
