1145 6.0 15.0 9.0 15.0 7.0 7.0 5.0 5.0 24.0 24.0 24.0 24.0
1146 5.0 7.0 7.0 7.0 6.0 5.0 4.0 4.0 24.0 24.0 24.0 24.0
1147 5.0 13.0 8.0 13.0 5.0 4.0 3.0 3.0 24.0 24.0 24.0 24.0
1148 5.0 11.0 7.0 11.0 4.0 3.0 2.0 2.0 25.0 25.0 25.0 25.0
1149 12.0 10.0 7.0 10.0 19.0 10.0 10.0 10.0 10.0 10.0 10.0 10.0
1150 13.0 9.0 7.0 9.0 18.0 9.0 9.0 9.0 9.0 9.0 9.0 9.0
1151 13.0 7.0 5.0 7.0 17.0 7.0 7.0 7.0 7.0 7.0 7.0 7.0
1152 13.0 6.0 6.0 6.0 16.0 6.0 6.0 6.0 6.0 6.0 6.0 6.0
1153 12.0 6.0 14.0 14.0 15.0 6.0 6.0 6.0 6.0 6.0 6.0 6.0
1154 12.0 17.0 12.0 12.0 14.0 17.0 17.0 17.0 17.0 17.0 17.0 17.0
