1095 1.0 11.0 12.0 12.0 3.0 11.0 2.0 2.0 11.0 11.0 11.0 11.0
1096 1.0 9.0 8.0 9.0 2.0 9.0 1.0 1.0 9.0 9.0 9.0 9.0
1097 1.0 8.0 6.0 8.0 1.0 8.0 0.0 0.0 8.0 8.0 8.0 8.0
1098 1.0 7.0 7.0 7.0 6.0 6.0 6.0 6.0 6.0 6.0 6.0 6.0
1099 1.0 6.0 21.0 21.0 6.0 6.0 6.0 6.0 6.0 6.0 6.0 6.0
1100 2.0 6.0 6.0 6.0 5.0 5.0 5.0 5.0 5.0 5.0 5.0 5.0
1101 2.0 5.0 17.0 17.0 5.0 5.0 5.0 5.0 5.0 5.0 5.0 5.0
1102 2.0 5.0 18.0 18.0 5.0 5.0 5.0 5.0 5.0 5.0 5.0 5.0
1103 4.0 5.0 17.0 17.0 4.0 4.0 4.0 4.0 4.0 4.0 4.0 4.0
1104 5.0 6.0 13.0 13.0 14.0 6.0 9.0 9.0 10.0 10.0 10.0 10.0
