1130 2.0 5.0 5.0 5.0 4.0 5.0 7.0 7.0 6.0 6.0 6.0 6.0
1131 3.0 5.0 7.0 7.0 3.0 5.0 7.0 7.0 5.0 5.0 5.0 5.0
1132 4.0 5.0 16.0 16.0 2.0 6.0 8.0 8.0 6.0 6.0 6.0 6.0
1133 9.0 6.0 15.0 15.0 1.0 1.0 1.0 1.0 1.0 1.0 1.0 1.0
1134 11.0 6.0 15.0 15.0 18.0 6.0 9.0 9.0 6.0 6.0 6.0 6.0
1135 11.0 7.0 14.0 14.0 17.0 6.0 10.0 10.0 7.0 7.0 7.0 7.0
1136 12.0 9.0 14.0 14.0 16.0 9.0 10.0 10.0 10.0 10.0 10.0 10.0
1137 11.0 13.0 12.0 12.0 15.0 14.0 12.0 12.0 33.0 33.0 33.0 33.0
1138 11.0 13.0 11.0 11.0 14.0 14.0 13.0 13.0 26.0 26.0 26.0 26.0
1139 10.0 13.0 10.0 10.0 13.0 13.0 13.0 13.0 13.0 13.0 13.0 13.0
