1105 5.0 9.0 8.0 8.0 13.0 9.0 9.0 9.0 25.0 25.0 25.0 25.0
1106 5.0 10.0 11.0 11.0 12.0 10.0 9.0 9.0 19.0 19.0 19.0 19.0
1107 5.0 11.0 11.0 11.0 11.0 10.0 10.0 10.0 14.0 14.0 14.0 14.0
1108 6.0 11.0 9.0 9.0 10.0 10.0 10.0 10.0 10.0 10.0 10.0 10.0
1109 8.0 7.0 4.0 7.0 9.0 8.0 7.0 7.0 14.0 14.0 14.0 14.0
1110 8.0 5.0 3.0 5.0 8.0 6.0 5.0 5.0 16.0 16.0 16.0 16.0
1111 8.0 5.0 5.0 5.0 7.0 5.0 4.0 4.0 15.0 15.0 15.0 15.0
1112 7.0 7.0 8.0 8.0 6.0 5.0 4.0 4.0 11.0 11.0 11.0 11.0
1113 7.0 8.0 8.0 8.0 5.0 4.0 4.0 4.0 9.0 9.0 9.0 9.0
1114 6.0 8.0 7.0 7.0 4.0 4.0 3.0 3.0 6.0 6.0 6.0 6.0
