0.125 48 1659.722467 0.127636
0.25 48 359.273210 0.25105
0.5 48 69.828542 0.494916
0.75 48 21.503387 0.735395
1.0 48 8.388355 0.97742
1.25 48 4.504699 1.21039
1.5 48 2.654337 1.46259
1.75 48 1.688492 1.71272
2.0 48 1.140060 1.96314
2.5 48 0.610225 2.44409
3.0 48 0.398954 2.87436
3.5 48 0.286772 3.29154
4.0 48 0.215132 3.70362
4.5 48 0.163433 4.1175
5.0 48 0.124003 4.5398
5.5 48 0.092222 4.98571
6.0 48 0.065762 5.47242
6.5 48 0.042444 6.0462
7.0 48 0.025506 6.63878
7.5 48 0.019721 6.98789
8.0 48 0.015160 7.34048
