0.125 64 1185.273009 0.128817
0.25 64 456.881243 0.238646
0.5 64 130.345397 0.43155
0.75 64 48.235586 0.590248
1.0 64 19.972362 0.739458
1.25 64 7.077526 1.06015
1.5 64 4.475738 1.34546
1.75 64 3.808806 1.49271
2.0 64 3.526362 1.58416
2.5 64 2.998699 1.84124
3.0 64 2.798800 1.99347
3.5 64 2.652447 2.15525
4.0 64 2.529386 2.33054
4.5 64 2.516890 2.35406
5.0 64 2.408044 2.54434
5.5 64 2.402051 2.55683
6.0 64 2.391297 2.56655
6.5 64 2.383624 2.77253
7.0 64 2.374201 2.77733
7.5 64 2.384192 2.78108
8.0 64 2.389240 2.78421
