0.125 8 1649.715561 0.124687
0.25 8 831.900139 0.240477
0.5 8 405.761795 0.467145
0.75 8 256.917267 0.687374
1.0 8 181.500498 0.900409
1.25 8 134.999858 1.10753
1.5 8 106.310847 1.30477
1.75 8 85.121169 1.49411
2.0 8 69.679570 1.67975
2.5 8 47.833594 2.0446
3.0 8 35.475996 2.35323
3.5 8 26.446568 2.66247
4.0 8 20.291283 2.93881
4.5 8 14.827790 3.26267
5.0 8 11.306048 3.54561
5.5 8 9.506187 3.7265
6.0 8 7.936028 3.91515
6.5 8 5.310584 4.31845
7.0 8 5.094984 4.36527
7.5 8 3.763054 4.658
8.0 8 2.840056 4.92538
