0.125 1 1604.712806 0.132673
0.25 1 843.512056 0.256887
0.5 1 440.647412 0.505739
0.75 1 298.580513 0.753374
1.0 1 225.494230 0.999865
1.25 1 178.635795 1.24657
1.5 1 148.852158 1.4871
1.75 1 127.223397 1.72962
2.0 1 110.136599 1.96764
2.5 1 86.088494 2.4591
3.0 1 70.828179 2.91092
3.5 1 59.343677 3.37128
4.0 1 50.900129 3.82415
4.5 1 43.524761 4.31695
5.0 1 38.016991 4.79241
5.5 1 34.116646 5.17938
6.0 1 30.936407 5.5696
6.5 1 27.055454 6.12549
7.0 1 25.458163 6.38757
7.5 1 22.977565 6.82599
8.0 1 20.816498 7.29076
