0.125 128 1159.031544 0.128799
0.25 128 157.486238 0.254099
0.5 128 16.766522 0.491827
0.75 128 5.331273 0.739715
1.0 128 2.450153 0.989345
1.25 128 1.421650 1.23936
1.5 128 0.936832 1.48512
1.75 128 0.692516 1.71402
2.0 128 0.543105 1.93672
2.5 128 0.373354 2.3675
3.0 128 0.276966 2.78618
3.5 128 0.211278 3.20022
4.0 128 0.162114 3.61601
4.5 128 0.122220 4.04761
5.0 128 0.088550 4.51508
5.5 128 0.058779 5.0558
6.0 128 0.032853 5.70278
6.5 128 0.025941 6.06661
7.0 128 0.020625 6.42979
7.5 128 0.016932 6.70948
8.0 128 0.014547 6.90121
