0.125 2 2054.765543 0.128105
0.25 2 575.487207 0.25216
0.5 2 189.436364 0.499404
0.75 2 101.246168 0.746151
1.0 2 64.079522 0.99188
1.25 2 45.225377 1.23722
1.5 2 33.922654 1.48252
1.75 2 26.865544 1.72852
2.0 2 21.826499 1.97335
2.5 2 15.298869 2.46261
3.0 2 11.240999 2.94997
3.5 2 8.617989 3.43428
4.0 2 6.728124 3.91821
4.5 2 5.365020 4.40081
5.0 2 4.333784 4.88323
5.5 2 3.549029 5.3637
6.0 2 2.935563 5.84407
6.5 2 2.456340 6.32668
7.0 2 2.057867 6.80843
7.5 2 1.748620 7.27986
8.0 2 1.497320 7.74884
