0.125 128 890.104821 0.125172
0.25 128 257.612921 0.22396
0.5 128 45.289979 0.386479
0.75 128 15.534963 0.663539
1.0 128 12.518796 0.79205
1.25 128 11.009100 0.921614
1.5 128 10.277344 1.03243
1.75 128 9.819094 1.15143
2.0 128 9.612087 1.22077
2.5 128 9.031562 1.44824
3.0 128 8.802239 1.57667
3.5 128 8.580558 1.71785
4.0 128 8.379893 1.87376
4.5 128 8.422681 1.88816
5.0 128 8.463328 2.05582
5.5 128 8.459328 2.06349
6.0 128 8.484646 2.06918
6.5 128 8.333916 2.24081
7.0 128 8.343932 2.24299
7.5 128 8.326778 2.24512
8.0 128 8.329290 2.24684
