0.125 0 1706.457497 0.125224
0.25 0 901.792657 0.24325
0.5 0 476.946486 0.478769
0.75 0 328.371468 0.713543
1.0 0 249.005816 0.949544
1.25 0 199.992968 1.18498
1.5 0 168.528004 1.41675
1.75 0 144.123585 1.64977
2.0 0 127.054997 1.88186
2.5 0 101.262955 2.35541
3.0 0 84.968187 2.79615
3.5 0 72.786499 3.2509
4.0 0 63.445399 3.71137
4.5 0 55.729512 4.19219
5.0 0 49.484490 4.67587
5.5 0 45.445955 5.06793
6.0 0 41.806633 5.46728
6.5 0 37.571875 6.03061
7.0 0 35.695442 6.30762
7.5 0 32.852432 6.788
8.0 0 30.148011 7.30636
