0.125 16 1885.124318 0.128042
0.25 16 483.517477 0.251619
0.5 16 138.260089 0.498041
0.75 16 64.482853 0.742687
1.0 16 35.700585 0.985854
1.25 16 21.582337 1.22723
1.5 16 13.786044 1.4668
1.75 16 9.096714 1.70344
2.0 16 5.659375 1.98646
2.5 16 2.954479 2.41949
3.0 16 1.538585 2.90536
3.5 16 0.994949 3.34965
4.0 16 0.628397 3.87728
4.5 16 0.447402 4.33553
5.0 16 0.338510 4.76086
5.5 16 0.260919 5.18233
6.0 16 0.203770 5.5981
6.5 16 0.159039 6.01849
7.0 16 0.123347 6.44489
7.5 16 0.094504 6.88856
8.0 16 0.070358 7.35845
