0.125 112 1237.676506 0.128836
0.25 112 177.253312 0.255493
0.5 112 19.965579 0.490415
0.75 112 6.347756 0.737212
1.0 112 2.832259 0.987829
1.25 112 1.590791 1.23492
1.5 112 1.010766 1.48889
1.75 112 0.735568 1.71891
2.0 112 0.569689 1.94275
2.5 112 0.384839 2.37488
3.0 112 0.282703 2.79435
3.5 112 0.215029 3.20721
4.0 112 0.165245 3.62052
4.5 112 0.125249 4.04654
5.0 112 0.091821 4.50321
5.5 112 0.062894 5.01739
6.0 112 0.036182 5.65807
6.5 112 0.026207 6.08454
7.0 112 0.020702 6.44979
7.5 112 0.016705 6.75302
8.0 112 0.014218 6.95331
