0.125 112 952.584855 0.126032
0.25 112 295.002064 0.22742
0.5 112 56.623852 0.391499
0.75 112 13.408901 0.701351
1.0 112 10.247277 0.835973
1.25 112 8.973549 0.972635
1.5 112 8.134566 1.08742
1.75 112 7.679849 1.20891
2.0 112 7.472133 1.27941
2.5 112 6.959565 1.51444
3.0 112 6.738919 1.6562
3.5 112 6.603341 1.81818
4.0 112 6.627693 2.00824
4.5 112 6.577962 2.02993
5.0 112 6.269939 2.25165
5.5 112 6.273227 2.26329
6.0 112 6.278438 2.27251
6.5 112 5.974605 2.51568
7.0 112 5.953964 2.51968
7.5 112 5.953221 2.52318
8.0 112 5.966177 2.52611
