0.125 0 1248.724729 0.125877
0.25 0 453.280018 0.250629
0.5 0 173.794403 0.498598
0.75 0 98.266179 0.745225
1.0 0 65.299471 0.991587
1.25 0 47.845505 1.23732
1.5 0 36.914092 1.4837
1.75 0 29.852987 1.72995
2.0 0 24.953854 1.97604
2.5 0 18.348928 2.46781
3.0 0 14.208532 2.9595
3.5 0 11.377931 3.44959
4.0 0 9.349741 3.93819
4.5 0 7.809496 4.42649
5.0 0 6.673369 4.91538
5.5 0 5.752878 5.4044
6.0 0 5.019576 5.89258
6.5 0 4.420955 6.38043
7.0 0 3.923766 6.87139
7.5 0 3.511016 7.36242
8.0 0 3.168788 7.85387
