0.125 56 1233.719724 0.129291
0.25 56 489.699102 0.240463
0.5 56 150.976417 0.439619
0.75 56 59.973312 0.605132
1.0 56 26.627925 0.752017
1.25 56 11.973491 0.916185
1.5 56 4.173763 1.39159
1.75 56 3.422463 1.56586
2.0 56 3.106378 1.66509
2.5 56 2.510598 1.94104
3.0 56 2.274482 2.10888
3.5 56 2.113693 2.29225
4.0 56 2.001081 2.50477
4.5 56 1.962791 2.5392
5.0 56 1.871031 2.78252
5.5 56 1.857978 2.80133
6.0 56 1.867859 2.81652
6.5 56 1.869750 3.09714
7.0 56 1.843241 3.105
7.5 56 1.818402 3.11075
8.0 56 1.813577 3.11569
