0.125 64 1552.016421 0.127519
0.25 64 307.997191 0.250897
0.5 64 48.794690 0.492886
0.75 64 13.281900 0.731678
1.0 64 5.833566 0.972315
1.25 64 3.044693 1.22466
1.5 64 1.816573 1.47348
1.75 64 1.167308 1.72541
2.0 64 0.805043 1.97352
2.5 64 0.483877 2.4168
3.0 64 0.335646 2.8433
3.5 64 0.247221 3.26046
4.0 64 0.186626 3.67746
4.5 64 0.141364 4.10057
5.0 64 0.105120 4.54547
5.5 64 0.075130 5.02861
6.0 64 0.049252 5.58739
6.5 64 0.029294 6.19773
7.0 64 0.022599 6.55767
7.5 64 0.017462 6.91867
8.0 64 0.013741 7.22227
