0.125 32 1477.877300 0.123511
0.25 32 663.354486 0.232792
0.5 32 260.324155 0.437834
0.75 32 133.901202 0.620447
1.0 32 77.606619 0.78312
1.25 32 46.556384 0.935826
1.5 32 28.867693 1.07625
1.75 32 17.833471 1.21462
2.0 32 10.670595 1.35588
2.5 32 3.179306 1.86757
3.0 32 1.459063 2.55859
3.5 32 1.290254 2.72996
4.0 32 1.171837 2.89305
4.5 32 1.158011 2.92226
5.0 32 1.075621 3.07917
5.5 32 1.060302 3.09332
6.0 32 1.058502 3.10402
6.5 32 1.055399 3.11354
7.0 32 1.052366 3.12085
7.5 32 1.023896 3.29709
8.0 32 1.030128 3.30142
