0.125 24 1813.205428 0.127979
0.25 24 448.462599 0.251447
0.5 24 117.501722 0.497293
0.75 24 49.159839 0.740595
1.0 24 24.817850 0.981353
1.25 24 13.555869 1.22005
1.5 24 7.847793 1.45323
1.75 24 4.355627 1.72644
2.0 24 2.938223 1.9374
2.5 24 1.520449 2.41584
3.0 24 0.871026 2.91264
3.5 24 0.544269 3.40495
4.0 24 0.384735 3.83385
4.5 24 0.284281 4.24797
5.0 24 0.216190 4.65406
5.5 24 0.166008 5.06017
6.0 24 0.127701 5.46945
6.5 24 0.097196 5.89312
7.0 24 0.072045 6.3474
7.5 24 0.051160 6.84359
8.0 24 0.032644 7.44381
