0.125 24 1436.117844 0.131216
0.25 24 665.022961 0.248976
0.5 24 272.393270 0.474512
0.75 24 144.720437 0.681091
1.0 24 89.056116 0.867382
1.25 24 56.311106 1.03734
1.5 24 38.012626 1.19259
1.75 24 25.973934 1.33705
2.0 24 17.972454 1.47374
2.5 24 8.239632 1.75445
3.0 24 4.274866 2.01792
3.5 24 1.555700 2.73958
4.0 24 0.864886 3.44007
4.5 24 0.828109 3.5126
5.0 24 0.703587 3.79674
5.5 24 0.694021 3.83441
6.0 24 0.690268 3.86236
6.5 24 0.632595 4.17778
7.0 24 0.627370 4.19067
7.5 24 0.627780 4.20283
8.0 24 0.629310 4.21176
