0.125 80 1427.443517 0.128971
0.25 80 267.739319 0.250635
0.5 80 32.482737 0.497397
0.75 80 9.804583 0.731935
1.0 80 4.319714 0.981326
1.25 80 2.283499 1.232
1.5 80 1.386024 1.47912
1.75 80 0.911000 1.7329
2.0 80 0.673595 1.9604
2.5 80 0.430874 2.39794
3.0 80 0.307090 2.8201
3.5 80 0.230491 3.23406
4.0 80 0.175761 3.64716
4.5 80 0.133893 4.06718
5.0 80 0.099875 4.50933
5.5 80 0.071060 4.99269
6.0 80 0.045530 5.56698
6.5 80 0.027539 6.14744
7.0 80 0.021491 6.50512
7.5 80 0.016776 6.85723
8.0 80 0.013694 7.11138
