0.125 4 1580.831364 0.132503
0.25 4 817.730588 0.25576
0.5 4 413.384327 0.501333
0.75 4 270.521423 0.743125
1.0 4 197.799580 0.981702
1.25 4 153.034418 1.21726
1.5 4 122.546974 1.44423
1.75 4 101.687463 1.67075
2.0 4 85.803575 1.89177
2.5 4 62.895285 2.33525
3.0 4 48.987984 2.7331
3.5 4 39.012918 3.12467
4.0 4 31.572333 3.49824
4.5 4 25.084757 3.91934
5.0 4 20.750385 4.28436
5.5 4 18.089223 4.55707
6.0 4 15.811242 4.83063
6.5 4 12.382689 5.29885
7.0 4 11.734129 5.42011
7.5 4 10.050033 5.72635
8.0 4 8.513478 6.05932
