0.125 16 1488.867232 0.131684
0.25 16 717.162493 0.25144
0.5 16 317.863707 0.484624
0.75 16 184.617413 0.704393
1.0 16 120.974072 0.909097
1.25 16 82.626320 1.10267
1.5 16 59.835018 1.27845
1.75 16 43.951919 1.44744
2.0 16 33.344667 1.60278
2.5 16 19.340333 1.90659
3.0 16 12.124738 2.15522
3.5 16 7.528252 2.39732
4.0 16 4.696809 2.64926
4.5 16 2.488795 2.99842
5.0 16 1.343805 3.43646
5.5 16 0.974444 3.91626
6.0 16 0.969478 3.9366
6.5 16 0.916226 4.1732
7.0 16 0.917646 4.18488
7.5 16 0.916356 4.19503
8.0 16 0.915434 4.20282
