0.125 56 1613.216765 0.127564
0.25 56 336.114835 0.251005
0.5 56 58.802827 0.493996
0.75 56 16.189288 0.738132
1.0 56 6.964793 0.969095
1.25 56 3.627734 1.22326
1.5 56 2.131626 1.47276
1.75 56 1.384261 1.71728
2.0 56 0.920175 1.98162
2.5 56 0.533692 2.42874
3.0 56 0.361232 2.85501
3.5 56 0.264383 3.26919
4.0 56 0.199924 3.67951
4.5 56 0.152835 4.09246
5.0 56 0.116034 4.51576
5.5 56 0.085549 4.96677
6.0 56 0.060212 5.46303
6.5 56 0.037242 6.06777
7.0 56 0.023907 6.59028
7.5 56 0.018558 6.94409
8.0 56 0.014411 7.27933
