10 0 3.027393 32.778
10 1 3.027393 32.778
10 2 2.244309 20.4931
10 4 2.006354 11.303
10 8 2.422064 6.15432
10 16 2.776464 3.4077
10 24 2.805873 2.51388
10 32 2.797511 2.10574
10 40 2.802007 1.86422
10 48 2.792582 1.69233
10 56 2.797863 1.56092
10 64 2.795738 1.45616
10 80 2.795425 1.30387
10 96 2.792348 1.19324
10 112 2.789484 1.10933
10 128 2.789593 1.04149
10 256 2.788969 0.800615
10 512 2.793902 0.674815
10 1024 2.793816 0.609215
10 2048 2.812348 0.571001
10 4096 2.827118 0.557485
10 8192 2.830478 0.554842
10 16384 2.830351 0.554521
