5 0 1.250696 41.1997
5 1 1.250696 41.1997
5 2 0.955205 23.7076
5 4 0.986364 12.7006
5 8 1.313069 6.8149
5 16 1.426419 3.90238
5 24 1.441570 3.02346
5 32 1.444550 2.57243
5 40 1.440655 2.2855
5 48 1.435953 2.08568
5 56 1.437936 1.93566
5 64 1.439389 1.81523
5 80 1.442472 1.63146
5 96 1.442958 1.50335
5 112 1.444266 1.41098
5 128 1.444661 1.34087
5 256 1.445473 1.09119
5 512 1.447480 0.960318
5 1024 1.444626 0.892729
5 2048 1.449801 0.853974
5 4096 1.454739 0.840381
5 8192 1.455198 0.837643
5 16384 1.455142 0.8374
