50 0 21.779309 9.63549
50 1 21.779309 9.63549
50 2 18.319446 8.63447
50 4 14.640505 6.45853
50 8 12.680136 3.98854
50 16 12.583151 2.44576
50 24 13.108767 1.82518
50 32 13.200966 1.48021
50 40 13.237902 1.26012
50 48 13.274999 1.10297
50 56 13.223861 0.989462
50 64 13.246278 0.904799
50 80 13.167898 0.793764
50 96 13.185485 0.724575
50 112 13.215261 0.672528
50 128 13.146999 0.628469
50 256 13.017130 0.440438
50 512 12.966108 0.326946
50 1024 13.018653 0.267512
50 2048 13.108094 0.230047
50 4096 13.226983 0.216494
50 8192 13.286029 0.213806
50 16384 13.305732 0.213549
