500 0 230.537965 1.06539
500 1 230.537965 1.06539
500 2 226.412792 1.04812
500 4 217.633351 1.01408
500 8 201.197607 0.952867
500 16 176.742558 0.836921
500 24 162.877894 0.752168
500 32 154.759932 0.663806
500 40 150.020711 0.594522
500 48 148.895961 0.541889
500 56 147.798251 0.501559
500 64 147.369743 0.470331
500 80 145.475575 0.423471
500 96 143.694638 0.386786
500 112 143.387501 0.357768
500 128 142.504052 0.333026
500 256 137.543877 0.223584
500 512 131.042317 0.154886
500 1024 127.102634 0.11733
500 2048 127.820215 0.0860482
500 4096 130.356019 0.0731899
500 8192 131.237613 0.0705921
500 16384 131.998254 0.0703441
