100 0 45.268265 5.11374
100 1 45.268265 5.11374
100 2 41.186410 4.78186
100 4 35.100250 4.23783
100 8 29.421995 2.97767
100 16 26.678398 1.90927
100 24 26.755956 1.4882
100 32 27.244075 1.24018
100 40 27.246235 1.07283
100 48 27.099537 0.950802
100 56 26.957206 0.855408
100 64 26.835215 0.779553
100 80 26.462435 0.667134
100 96 26.091961 0.591604
100 112 25.938786 0.541136
100 128 25.718496 0.505393
100 256 25.134936 0.356244
100 512 24.948252 0.258519
100 1024 25.090558 0.200817
100 2048 25.311904 0.163956
100 4096 25.686838 0.150507
100 8192 25.802688 0.147976
100 16384 25.826055 0.14776
