2 0 0.681421 18.5153
2 1 0.500794 15.7024
2 2 0.468589 12.8846
2 4 0.517756 9.3502
2 8 0.554922 6.33802
2 16 0.570427 4.48592
2 24 0.574343 3.71089
2 32 0.577663 3.24992
2 40 0.579781 2.9371
2 48 0.581674 2.7116
2 56 0.582369 2.54347
2 64 0.583793 2.41458
2 80 0.585273 2.23079
2 96 0.585498 2.10839
2 112 0.586460 2.01703
2 128 0.587280 1.94725
2 256 0.587951 1.696
2 512 0.587321 1.56279
2 1024 0.587299 -0.060972
2 2048 0.587701 -0.0278758
2 4096 0.588281 -0.415875
2 8192 0.588355 0.735439
2 16384 0.588437 -1.98416
