50 0 17.849628 2.46386
50 1 16.788838 2.4099
50 2 15.949015 2.34963
50 4 15.045888 2.21646
50 8 13.984149 1.96282
50 16 14.161420 1.55819
50 24 14.293855 1.29663
50 32 14.632772 1.13003
50 40 14.447347 1.00407
50 48 14.592480 0.910224
50 56 14.295160 0.8373
50 64 14.199300 0.782322
50 80 14.090828 0.70556
50 96 13.924035 0.656179
50 112 13.936238 0.618394
50 128 13.855406 0.583332
50 256 13.586618 0.430192
50 512 13.308115 0.324357
50 1024 13.141591 -0.0109066
50 2048 13.124545 -0.00440695
50 4096 13.228105 -0.0624476
50 8192 13.286029 0.109275
50 16384 13.305732 -0.29451
