2 0 0.397820 49.533
2 1 0.397820 49.533
2 2 0.316613 26.9724
2 4 0.439353 14.281
2 8 0.548102 7.75061
2 16 0.572697 4.90741
2 24 0.576252 3.93353
2 32 0.580071 3.39191
2 40 0.581943 3.03729
2 48 0.583702 2.78547
2 56 0.584250 2.60213
2 64 0.584379 2.46174
2 80 0.586806 2.26456
2 96 0.586809 2.13308
2 112 0.586734 2.0376
2 128 0.587089 1.9636
2 256 0.588337 1.70003
2 512 0.587553 1.56381
2 1024 0.587778 1.49388
2 2048 0.587701 1.45526
2 4096 0.588281 1.44182
2 8192 0.588355 1.43895
2 16384 0.588437 1.43871
