500 0 176.535169 0.500551
500 1 174.187003 0.518404
500 2 178.697752 0.522208
500 4 171.512628 0.522279
500 8 160.866371 0.506866
500 16 153.074893 0.483488
500 24 147.135566 0.464187
500 32 144.759626 0.44237
500 40 139.909688 0.423179
500 48 136.708534 0.406405
500 56 135.214915 0.38781
500 64 137.686902 0.37202
500 80 136.855457 0.343519
500 96 142.124398 0.31884
500 112 140.756328 0.298695
500 128 140.336274 0.283812
500 256 137.439703 0.205273
500 512 132.514907 0.149357
500 1024 127.516451 -0.00476879
500 2048 128.696082 -0.00165138
500 4096 130.705848 -0.0211133
500 8192 131.504567 0.0360792
500 16384 131.998254 -0.0970131
