1 0 0.169205 54.302
1 1 0.169205 54.302
1 2 0.133665 29.1672
1 4 0.226789 15.4475
1 8 0.261468 8.92982
1 16 0.273421 5.99437
1 24 0.277572 4.8548
1 32 0.279677 4.22413
1 40 0.280388 3.83231
1 48 0.281062 3.56715
1 56 0.281372 3.37856
1 64 0.282176 3.23714
1 80 0.283220 3.03235
1 96 0.283497 2.8965
1 112 0.283505 2.79592
1 128 0.283681 2.72078
1 256 0.284219 2.44886
1 512 0.284182 2.31109
1 1024 0.284036 2.24131
1 2048 0.284230 2.20185
1 4096 0.284414 2.18851
1 8192 0.284400 2.18586
1 16384 0.284392 2.18561
