20 0 7.593215 21.1348
20 1 7.593215 21.1348
20 2 5.468522 16.2948
20 4 4.564728 9.53331
20 8 4.523355 5.37738
20 16 5.241896 3.03817
20 24 5.396319 2.19196
20 32 5.428955 1.76366
20 40 5.419635 1.52165
20 48 5.430376 1.37208
20 56 5.424419 1.26804
20 64 5.419620 1.18629
20 80 5.403431 1.05571
20 96 5.410201 0.958388
20 112 5.398818 0.88582
20 128 5.391938 0.829579
20 256 5.401216 0.604092
20 512 5.378817 0.484101
20 1024 5.380252 0.421099
20 2048 5.422782 0.38316
20 4096 5.463566 0.369553
20 8192 5.476785 0.366834
20 16384 5.474249 0.366617
