0.125 2 1597.977027 0.132621
0.25 2 835.452297 0.256506
0.5 2 433.005677 0.504245
0.75 2 288.689683 0.749945
1.0 2 215.262633 0.994139
1.25 2 169.256437 1.23728
1.5 2 139.135457 1.47354
1.75 2 117.324145 1.71087
2.0 2 101.133575 1.94254
2.5 2 77.286441 2.41997
3.0 2 62.584937 2.85268
3.5 2 51.543916 3.29106
4.0 2 43.115477 3.71801
4.5 2 36.126684 4.19602
5.0 2 30.848771 4.62506
5.5 2 27.724343 4.97022
6.0 2 24.672489 5.31848
6.5 2 20.904391 5.83759
7.0 2 19.593414 6.04288
7.5 2 17.431924 6.42884
8.0 2 15.199462 6.87612
