0.125 40 1329.530048 0.130192
0.25 40 569.225527 0.244523
0.5 40 200.227422 0.456502
0.75 40 93.382568 0.63913
1.0 40 49.019930 0.798552
1.25 40 26.587042 0.946137
1.5 40 14.670623 1.08676
1.75 40 8.177720 1.23799
2.0 40 4.022325 1.55809
2.5 40 1.888679 2.19523
3.0 40 1.602859 2.39955
3.5 40 1.411614 2.60832
4.0 40 1.259906 2.835
4.5 40 1.250499 2.8776
5.0 40 1.144071 3.12358
5.5 40 1.137364 3.1461
6.0 40 1.133459 3.16376
6.5 40 1.090094 3.44392
7.0 40 1.090302 3.45296
7.5 40 1.085596 3.46101
8.0 40 1.080004 3.46701
