0.125 80 1101.233116 0.127896
0.25 80 395.111741 0.235209
0.5 80 98.523626 0.416395
0.75 80 31.872842 0.56746
1.0 80 9.966803 0.862418
1.25 80 6.326297 1.10584
1.5 80 5.429354 1.23874
1.75 80 4.878111 1.37287
2.0 80 4.637141 1.45256
2.5 80 4.119397 1.69459
3.0 80 3.913820 1.83909
3.5 80 3.779570 1.99776
4.0 80 3.681081 2.17914
4.5 80 3.682276 2.20199
5.0 80 3.567390 2.40657
5.5 80 3.530214 2.41854
6.0 80 3.520714 2.4279
6.5 80 3.521272 2.6529
7.0 80 3.529495 2.65713
7.5 80 3.505186 2.66046
8.0 80 3.523822 2.66339
