0.125 48 1276.637598 0.129751
0.25 48 525.794296 0.24239
0.5 48 171.964074 0.448276
0.75 48 75.225197 0.621678
1.0 48 36.141850 0.772727
1.25 48 17.903388 0.918375
1.5 48 9.043108 1.08178
1.75 48 3.353356 1.59368
2.0 48 2.763359 1.76187
2.5 48 2.163935 2.05182
3.0 48 1.944455 2.21968
3.5 48 1.791865 2.3821
4.0 48 1.653230 2.55016
4.5 48 1.630701 2.5753
5.0 48 1.566569 2.74685
5.5 48 1.558616 2.75919
6.0 48 1.563273 2.76912
6.5 48 1.536532 2.95659
7.0 48 1.551084 2.96091
7.5 48 1.538507 2.96544
8.0 48 1.536439 2.96904
