0.125 96 1026.582611 0.126925
0.25 96 341.784792 0.231338
0.5 96 73.797657 0.402549
0.75 96 21.410552 0.580666
1.0 96 9.066548 0.887489
1.25 96 7.371767 1.03287
1.5 96 6.684239 1.15401
1.75 96 6.134277 1.27992
2.0 96 5.990307 1.3542
2.5 96 5.512740 1.5903
3.0 96 5.294051 1.73395
3.5 96 5.034899 1.89613
4.0 96 4.844444 2.08377
4.5 96 4.893140 2.10595
5.0 96 4.727544 2.32058
5.5 96 4.740433 2.33184
6.0 96 4.789230 2.3412
6.5 96 4.704258 2.5734
7.0 96 4.699795 2.57783
7.5 96 4.667453 2.58165
8.0 96 4.672770 2.58417
