10 0 2.405042 32.788
10 1 2.245457 20.4845
10 2 4.991429 14.5422
10 4 8.354218 9.28562
10 8 11.023361 5.55407
10 16 9.310962 3.24523
10 24 7.327691 2.44565
10 32 6.141345 2.06908
10 40 5.436938 1.83919
10 48 4.940661 1.67447
10 56 4.596453 1.54569
10 64 4.357127 1.44456
10 80 4.012187 1.29585
10 96 3.803444 1.18669
10 112 3.637874 1.10477
10 128 3.519151 1.03829
10 256 2.788969 0.800615
10 512 2.793902 0.674815
10 1024 2.793816 0.609215
10 2048 2.812348 0.571001
10 4096 2.827118 0.557485
10 8192 2.830478 0.554842
10 16384 2.830351 0.554521
