5 0 36.010201 10.8484
5 1 1.478757 9.77557
5 2 2.512928 8.58215
5 4 4.289231 6.74199
5 8 5.577024 4.79842
5 16 4.741994 3.30866
5 24 3.875321 2.72269
5 32 3.315359 2.383
5 40 2.955296 2.15276
5 48 2.701060 1.98557
5 56 2.514169 1.85561
5 64 2.409374 1.74877
5 80 2.207318 1.58175
5 96 2.077286 1.4677
5 112 1.977706 1.383
5 128 1.909940 1.31844
5 256 1.458070 1.08702
5 512 1.451838 0.958969
5 1024 1.446098 -0.0364283
5 2048 1.450412 -0.0163581
5 4096 1.454739 -0.242397
5 8192 1.455198 0.428115
5 16384 1.455142 -1.15488
