10 0 49.324384 7.40731
10 1 3.278104 6.81394
10 2 3.878423 6.23749
10 4 5.191970 5.16671
10 8 6.993806 3.84121
10 16 7.184517 2.66251
10 24 6.545325 2.14699
10 32 5.718987 1.87994
10 40 5.266865 1.70407
10 48 4.849047 1.57158
10 56 4.545450 1.46501
10 64 4.327395 1.37932
10 80 4.098220 1.24778
10 96 4.030300 1.15232
10 112 3.687091 1.07685
10 128 3.591487 1.01654
10 256 2.914112 0.795126
10 512 2.868097 0.673782
10 1024 2.825963 -0.024869
10 2048 2.819993 -0.0109377
10 4096 2.831372 -0.160802
10 8192 2.830478 0.283577
10 16384 2.830351 -0.764753
