1 0 0.067465 54.329
1 1 0.133746 29.1598
1 2 2.874385 20.1125
1 4 4.167868 12.6853
1 8 2.866040 8.29799
1 16 1.605140 5.80601
1 24 1.153267 4.75605
1 32 0.924062 4.16624
1 40 0.787286 3.79302
1 48 0.697304 3.5405
1 56 0.637674 3.35834
1 64 0.589968 3.22104
1 80 0.526001 3.02442
1 96 0.484725 2.8885
1 112 0.455822 2.79123
1 128 0.431494 2.71701
1 256 0.284219 2.44886
1 512 0.284182 2.31109
1 1024 0.284036 2.24131
1 2048 0.284230 2.20185
1 4096 0.284414 2.18851
1 8192 0.284400 2.18586
1 16384 0.284392 2.18561
