1 0 0.324883 27.2409
1 1 0.209012 21.5614
1 2 0.219601 16.6624
1 4 0.251524 11.4204
1 8 0.265967 7.89405
1 16 0.274157 5.66638
1 24 0.277982 4.68276
1 32 0.279553 4.1194
1 40 0.280732 3.75874
1 48 0.281460 3.51422
1 56 0.281803 3.33769
1 64 0.282625 3.20355
1 80 0.283292 3.00986
1 96 0.283711 2.87734
1 112 0.283968 2.78241
1 128 0.284202 2.70883
1 256 0.284412 2.44728
1 512 0.284240 2.3106
1 1024 0.284057 -0.0914629
1 2048 0.284230 -0.0421769
1 4096 0.284414 -0.63125
1 8192 0.284400 1.11718
1 16384 0.284392 -3.01423
