1 0 0.169176 54.2794
1 1 0.133745 29.1597
1 2 0.182111 20.1124
1 4 0.241023 12.6852
1 8 0.264018 8.29798
1 16 0.273638 5.80599
1 24 0.277862 4.75602
1 32 0.279670 4.16624
1 40 0.280427 3.79301
1 48 0.281147 3.5405
1 56 0.281823 3.35832
1 64 0.282247 3.22104
1 80 0.282939 3.02442
1 96 0.283400 2.8885
1 112 0.283776 2.79123
1 128 0.283689 2.71701
1 256 0.284219 2.44886
1 512 0.284182 2.31109
1 1024 0.284036 2.24131
1 2048 0.284230 2.20185
1 4096 0.284414 2.18851
1 8192 0.284400 2.18586
1 16384 0.284392 2.18561
