10 0 3.026991 32.7615
10 1 2.245451 20.4844
10 2 2.054079 14.5421
10 4 2.055477 9.28558
10 8 2.515690 5.55406
10 16 2.791202 3.24521
10 24 2.797961 2.44564
10 32 2.791181 2.06908
10 40 2.799457 1.83919
10 48 2.794372 1.67447
10 56 2.791239 1.54569
10 64 2.795694 1.44456
10 80 2.792698 1.29584
10 96 2.796049 1.18669
10 112 2.791592 1.10477
10 128 2.787828 1.03829
10 256 2.788969 0.800615
10 512 2.793902 0.674815
10 1024 2.793816 0.609215
10 2048 2.812348 0.571001
10 4096 2.827118 0.557485
10 8192 2.830478 0.554842
10 16384 2.830351 0.554521
