20 0 64.946601 4.7305
20 1 7.447237 4.48935
20 2 7.813702 4.24002
20 4 8.596188 3.77717
20 8 10.100530 2.99842
20 16 11.185367 2.15963
20 24 10.783968 1.73898
20 32 10.185503 1.48663
20 40 9.581780 1.3297
20 48 9.367812 1.22713
20 56 8.674427 1.1513
20 64 8.290825 1.09052
20 80 7.899493 0.987185
20 96 7.475489 0.907252
20 112 7.165033 0.845455
20 128 7.037330 0.796967
20 256 5.637787 0.597395
20 512 5.527200 0.482612
20 1024 5.450563 -0.0171871
20 2048 5.434814 -0.00733961
20 4096 5.472640 -0.106593
20 8192 5.476785 0.187487
20 16384 5.474249 -0.50561
