2 0 0.397713 49.51
2 1 0.316801 26.964
2 2 0.357388 18.5854
2 4 0.485335 11.6489
2 8 0.553850 7.10498
2 16 0.575126 4.73976
2 24 0.576795 3.8512
2 32 0.581642 3.33946
2 40 0.582198 3.0005
2 48 0.584472 2.75928
2 56 0.584107 2.5819
2 64 0.584837 2.44779
2 80 0.586564 2.25449
2 96 0.586794 2.12591
2 112 0.586573 2.03161
2 128 0.587780 1.95899
2 256 0.588337 1.70003
2 512 0.587553 1.56381
2 1024 0.587778 1.49388
2 2048 0.587701 1.45526
2 4096 0.588281 1.44182
2 8192 0.588355 1.43895
2 16384 0.588437 1.43871
