2 0 20.061553 18.5232
2 1 0.540036 15.7024
2 2 2.160163 12.8847
2 4 4.014619 9.35023
2 8 3.889457 6.33803
2 16 2.609724 4.48593
2 24 1.969988 3.71089
2 32 1.617254 3.24992
2 40 1.407822 2.9371
2 48 1.267955 2.7116
2 56 1.170268 2.54348
2 64 1.094458 2.4146
2 80 0.989457 2.23079
2 96 0.923317 2.10839
2 112 0.871306 2.01703
2 128 0.836588 1.94725
2 256 0.587951 1.696
2 512 0.587321 1.56279
2 1024 0.587299 -0.060972
2 2048 0.587701 -0.0278758
2 4096 0.588281 -0.415875
2 8192 0.588355 0.735439
2 16384 0.588437 -1.98416
