20 0 9.406351 21.1271
20 1 5.471682 16.2843
20 2 7.928629 12.0096
20 4 10.919825 7.93354
20 8 13.850728 4.87532
20 16 13.850422 2.89049
20 24 12.055511 2.1216
20 32 10.540834 1.72551
20 40 9.493546 1.4994
20 48 8.799216 1.35774
20 56 8.243348 1.2566
20 64 7.872807 1.17556
20 80 7.312957 1.04903
20 96 6.994653 0.952971
20 112 6.720017 0.881549
20 128 6.522379 0.825971
20 256 5.401216 0.604092
20 512 5.378817 0.484101
20 1024 5.380252 0.421099
20 2048 5.422782 0.38316
20 4096 5.463566 0.369553
20 8192 5.476785 0.366834
20 16384 5.474249 0.366617
