2 0 0.171809 49.5538
2 1 0.316802 26.9641
2 2 3.197825 18.5855
2 4 5.892141 11.6489
2 8 4.915146 7.105
2 16 2.890819 4.73977
2 24 2.082818 3.85122
2 32 1.681983 3.33947
2 40 1.448274 3.0005
2 48 1.292624 2.75929
2 56 1.187087 2.58191
2 64 1.107332 2.44779
2 80 0.998970 2.25449
2 96 0.927840 2.12591
2 112 0.875453 2.03161
2 128 0.835984 1.95899
2 256 0.588337 1.70003
2 512 0.587553 1.56381
2 1024 0.587778 1.49388
2 2048 0.587701 1.45526
2 4096 0.588281 1.44182
2 8192 0.588355 1.43895
2 16384 0.588437 1.43871
