100 0 60.515024 5.08098
100 1 41.210237 4.76532
100 2 40.555619 4.41534
100 4 40.531703 3.89284
100 8 40.879161 2.72913
100 16 40.901286 1.83945
100 24 40.511865 1.44965
100 32 39.652177 1.21557
100 40 38.175305 1.05479
100 48 36.413562 0.93739
100 56 35.112169 0.844688
100 64 33.905545 0.771015
100 80 32.442016 0.661492
100 96 31.150783 0.587636
100 112 30.054326 0.538366
100 128 29.327034 0.503129
100 256 25.134936 0.356244
100 512 24.948252 0.258519
100 1024 25.090558 0.200817
100 2048 25.311904 0.163956
100 4096 25.686838 0.150507
100 8192 25.802688 0.147976
100 16384 25.826055 0.14776
