50 0 78.620186 2.46427
50 1 16.921263 2.40991
50 2 16.783692 2.34964
50 4 17.130759 2.21647
50 8 17.897062 1.96282
50 16 19.633332 1.5582
50 24 19.790979 1.29663
50 32 20.074356 1.13005
50 40 19.426311 1.00409
50 48 19.319731 0.910224
50 56 18.501377 0.8373
50 64 18.025154 0.782322
50 80 17.311220 0.705563
50 96 16.682372 0.656179
50 112 16.389588 0.618394
50 128 15.982795 0.583337
50 256 13.586618 0.430192
50 512 13.308115 0.324357
50 1024 13.141591 -0.0109066
50 2048 13.124545 -0.00440695
50 4096 13.228105 -0.0624476
50 8192 13.286029 0.109275
50 16384 13.305732 -0.29451
