100 0 88.345228 1.53283
100 1 35.077908 1.52173
100 2 34.485420 1.50406
100 4 34.863876 1.45788
100 8 34.067985 1.3638
100 16 34.942012 1.17191
100 24 35.976200 1.01589
100 32 36.313320 0.895944
100 40 36.287379 0.808003
100 48 36.048705 0.742434
100 56 34.854817 0.685811
100 64 34.904025 0.640971
100 80 33.783458 0.568336
100 96 33.398466 0.518441
100 112 32.600075 0.483738
100 128 31.767414 0.457978
100 256 26.577800 0.342533
100 512 25.894835 0.254866
100 1024 25.555406 -0.00817867
100 2048 25.333426 -0.00314683
100 4096 25.715750 -0.0434196
100 8192 25.807873 0.0756346
100 16384 25.826055 -0.203779
