0.324883 0 27.2409
0.681421 0 18.5153
1.801548 0 10.8473
3.596040 0 7.40666
7.977396 0 4.73026
17.849628 0 2.46386
27.164139 0 1.87587
35.167966 0 1.53222
52.156996 0 1.15433
70.292731 0 0.954833
88.587380 0 0.819935
107.514348 0 0.723891
126.944513 0 0.64904
141.422143 0 0.590908
165.120573 0 0.541536
176.535169 0 0.500551

0.209012 1 21.5614
0.500794 1 15.7024
1.460151 1 9.77554
3.229976 1 6.81392
7.242575 1 4.48934
16.788838 1 2.4099
25.297929 1 1.85417
34.985206 1 1.52173
54.494409 1 1.16037
69.244678 1 0.9678
86.148584 1 0.835589
105.783427 1 0.739719
120.282133 1 0.665026
137.622796 1 0.604408
165.372705 1 0.55732
174.187003 1 0.518404

0.219601 2 16.6624
0.468589 2 12.8846
1.317213 2 8.58211
2.857528 2 6.23747
6.791648 2 4.24001
15.949015 2 2.34963
24.826330 2 1.81932
33.639507 2 1.50405
49.722879 2 1.15539
68.181788 2 0.965556
85.432059 2 0.833742
101.106105 2 0.738716
129.335632 2 0.666724
143.009085 2 0.607638
152.173563 2 0.561319
178.697752 2 0.522208

0.251524 4 11.4204
0.517756 4 9.3502
1.314823 4 6.74197
2.646951 4 5.16669
6.208898 4 3.77715
15.045888 4 2.21646
22.925905 4 1.74152
32.601723 4 1.45787
47.763558 4 1.13483
65.208764 4 0.951956
81.613976 4 0.823608
98.335137 4 0.732619
116.515698 4 0.662306
134.595739 4 0.604981
149.936573 4 0.558773
171.512628 4 0.522279

0.265967 8 7.89405
0.554922 8 6.33802
1.414438 8 4.7984
2.841044 8 3.84119
6.057293 8 2.9984
13.984149 8 1.96282
21.893363 8 1.59324
29.572473 8 1.3638
45.739925 8 1.07925
63.314850 8 0.909055
80.547458 8 0.793537
95.498577 8 0.704809
112.731499 8 0.641913
129.596883 8 0.588037
147.650067 8 0.543791
160.866371 8 0.506866

0.274157 16 5.66638
0.570427 16 4.48592
1.445328 16 3.30865
2.925642 16 2.66251
6.268834 16 2.15963
14.161420 16 1.55819
20.849570 16 1.33322
27.837155 16 1.1719
43.555258 16 0.96586
58.385152 16 0.832816
73.270414 16 0.735133
90.663478 16 0.658622
105.107386 16 0.601206
124.569453 16 0.55607
140.641117 16 0.518124
153.074893 16 0.483488

0.277982 24 4.68276
0.574343 24 3.71089
1.451230 24 2.72269
3.029932 24 2.14698
6.192289 24 1.73898
14.293855 24 1.29663
21.459107 24 1.13281
28.233685 24 1.01588
42.262077 24 0.863344
56.660961 24 0.75688
71.908089 24 0.677237
87.085810 24 0.616825
107.356189 24 0.565278
119.441283 24 0.526266
133.092414 24 0.493349
147.135566 24 0.464187

0.279553 32 4.1194
0.577663 32 3.24992
1.450801 32 2.383
2.916995 32 1.87993
6.161630 32 1.48662
14.632772 32 1.13003
21.893207 32 0.990627
28.869686 32 0.895938
42.658022 32 0.772229
56.573731 32 0.692274
68.991249 32 0.628358
82.903068 32 0.57707
97.698745 32 0.532634
116.142405 32 0.498007
130.305704 32 0.466493
144.759626 32 0.44237

0.280732 40 3.75874
0.579781 40 2.9371
1.449416 40 2.15276
2.955272 40 1.70406
6.112132 40 1.32969
14.447347 40 1.00407
21.907881 40 0.891304
29.099215 40 0.808003
48.609147 40 0.70523
63.877148 40 0.634859
71.316957 40 0.580663
81.288311 40 0.540211
98.328909 40 0.502637
110.961819 40 0.47239
126.461642 40 0.446726
139.909688 40 0.423179

0.281460 48 3.51422
0.581674 48 2.7116
1.445108 48 1.98556
2.906476 48 1.57157
6.259616 48 1.22713
14.592480 48 0.910224
21.769212 48 0.812346
29.049055 48 0.74243
47.539622 48 0.646487
57.986280 48 0.587561
72.401245 48 0.540593
84.725659 48 0.505113
95.413812 48 0.473326
109.895226 48 0.448281
123.011756 48 0.42569
136.708534 48 0.406405

0.281803 56 3.33769
0.582369 56 2.54347
1.446804 56 1.8556
2.876260 56 1.46501
6.018527 56 1.1513
14.295160 56 0.8373
21.831313 56 0.748875
28.451232 56 0.685811
44.579188 56 0.60244
58.281397 56 0.547743
70.584324 56 0.50903
83.808995 56 0.476231
95.648863 56 0.448575
110.923383 56 0.424806
124.254968 56 0.406117
135.214915 56 0.38781

0.282625 64 3.20355
0.583793 64 2.41458
1.469282 64 1.74876
2.861318 64 1.37932
5.940223 64 1.09052
14.199300 64 0.782322
21.652347 64 0.6976
28.597301 64 0.640971
43.799291 64 0.565544
60.462072 64 0.515537
72.741279 64 0.478594
86.314299 64 0.450261
98.088029 64 0.425979
111.983794 64 0.404841
124.375029 64 0.386212
137.686902 64 0.37202

0.283292 80 3.00986
0.585273 80 2.23079
1.459541 80 1.58175
2.907050 80 1.24778
5.957197 80 0.987175
14.090828 80 0.70556
21.312377 80 0.621253
28.199364 80 0.568331
42.626848 80 0.506971
57.496934 80 0.464444
73.810821 80 0.432104
88.019019 80 0.407136
101.903859 80 0.386759
114.984988 80 0.370785
125.734124 80 0.356331
136.855457 80 0.343519

0.283711 96 2.87734
0.585498 96 2.10839
1.454263 96 1.4677
3.009893 96 1.15232
5.854852 96 0.907252
13.924035 96 0.656179
21.242056 96 0.570063
28.203683 96 0.518441
44.121853 96 0.460608
57.672821 96 0.424491
73.009910 96 0.397913
85.599166 96 0.376106
101.245373 96 0.358291
113.752793 96 0.343083
126.847193 96 0.331375
142.124398 96 0.31884

0.283968 112 2.78241
0.586460 112 2.01703
1.453400 112 1.383
2.853884 112 1.07685
5.791385 112 0.845455
13.936238 112 0.618394
20.969184 112 0.536729
27.950356 112 0.483735
41.752507 112 0.425808
57.203296 112 0.392627
72.208408 112 0.369138
88.101944 112 0.34988
100.398237 112 0.33492
112.758621 112 0.321507
127.292658 112 0.309357
140.756328 112 0.298695

0.284202 128 2.70883
0.587280 128 1.94725
1.453800 128 1.31844
2.863484 128 1.01654
5.826150 128 0.796967
13.855406 128 0.583332
21.161565 128 0.508924
27.623100 128 0.457978
41.440034 128 0.398422
56.637248 128 0.366531
72.162514 128 0.345483
87.193597 128 0.328214
100.384107 128 0.314507
113.335463 128 0.302493
125.099812 128 0.292733
140.336274 128 0.283812

