1 0 11.337241 27.2589
1 1 0.250309 21.5614
1 2 2.247773 16.6624
1 4 3.359557 11.4204
1 8 2.562234 7.89407
1 16 1.530975 5.6664
1 24 1.121106 4.68277
1 32 0.909183 4.11941
1 40 0.779875 3.75874
1 48 0.694627 3.51422
1 56 0.631337 3.33771
1 64 0.589082 3.20355
1 80 0.527085 3.00986
1 96 0.485871 2.87734
1 112 0.455323 2.78241
1 128 0.432436 2.70883
1 256 0.284412 2.44728
1 512 0.284240 2.3106
1 1024 0.284057 -0.0914629
1 2048 0.284230 -0.0421769
1 4096 0.284414 -0.63125
1 8192 0.284400 1.11718
1 16384 0.284392 -3.01423
