50 0 21.787969 9.604
50 1 18.330736 8.61954
50 2 15.758938 7.98927
50 4 14.146070 5.45052
50 8 12.487120 3.67369
50 16 12.594783 2.33859
50 24 13.109412 1.77045
50 32 13.192852 1.44695
50 40 13.250814 1.2374
50 48 13.238557 1.086
50 56 13.253765 0.97659
50 64 13.260294 0.896306
50 80 13.174952 0.788528
50 96 13.193729 0.720304
50 112 13.209345 0.669141
50 128 13.150770 0.625971
50 256 13.017130 0.440438
50 512 12.966108 0.326946
50 1024 13.018653 0.267512
50 2048 13.108094 0.230047
50 4096 13.226983 0.216494
50 8192 13.286029 0.213806
50 16384 13.305732 0.213549
