100 0 45.279609 5.07867
100 1 41.210130 4.76531
100 2 37.598855 4.41532
100 4 32.825198 3.89283
100 8 29.112076 2.72912
100 16 26.644014 1.83943
100 24 26.717686 1.44965
100 32 27.315671 1.21557
100 40 27.367707 1.05479
100 48 27.082502 0.937385
100 56 26.887923 0.844688
100 64 26.647236 0.771015
100 80 26.475995 0.661492
100 96 26.202387 0.58763
100 112 25.949038 0.538362
100 128 25.812172 0.503129
100 256 25.134936 0.356244
100 512 24.948252 0.258519
100 1024 25.090558 0.200817
100 2048 25.311904 0.163956
100 4096 25.686838 0.150507
100 8192 25.802688 0.147976
100 16384 25.826055 0.14776
