500 0 230.638716 1.02629
500 1 226.579573 1.02896
500 2 221.837707 1.01791
500 4 212.054086 0.99217
500 8 196.824038 0.935106
500 16 175.017148 0.824181
500 24 162.117853 0.73948
500 32 154.257850 0.652774
500 40 150.052321 0.586745
500 48 148.228646 0.535892
500 56 148.098419 0.496688
500 64 147.483944 0.466348
500 80 146.105654 0.420679
500 96 143.368946 0.384703
500 112 143.293477 0.355914
500 128 142.488477 0.33152
500 256 137.543877 0.223584
500 512 131.042317 0.154886
500 1024 127.102634 0.11733
500 2048 127.820215 0.0860482
500 4096 130.356019 0.0731899
500 8192 131.237613 0.0705921
500 16384 131.998254 0.0703441
