10 0 3.596040 7.40666
10 1 3.229976 6.81392
10 2 2.857528 6.23747
10 4 2.646951 5.16669
10 8 2.841044 3.84119
10 16 2.925642 2.66251
10 24 3.029932 2.14698
10 32 2.916995 1.87993
10 40 2.955272 1.70406
10 48 2.906476 1.57157
10 56 2.876260 1.46501
10 64 2.861318 1.37932
10 80 2.907050 1.24778
10 96 3.009893 1.15232
10 112 2.853884 1.07685
10 128 2.863484 1.01654
10 256 2.914112 0.795126
10 512 2.868097 0.673782
10 1024 2.825963 -0.024869
10 2048 2.819993 -0.0109377
10 4096 2.831372 -0.160802
10 8192 2.830478 0.283577
10 16384 2.830351 -0.764753
