500 0 151.887430 0.501287
500 1 174.216159 0.518405
500 2 179.793778 0.52221
500 4 174.630638 0.522281
500 8 167.553969 0.506868
500 16 166.120989 0.483491
500 24 165.249932 0.46419
500 32 166.830814 0.442376
500 40 164.128318 0.423181
500 48 162.209773 0.406405
500 56 161.036001 0.387815
500 64 164.422969 0.37202
500 80 161.962992 0.343522
500 96 167.198870 0.318844
500 112 162.996407 0.298695
500 128 160.651245 0.283812
500 256 137.439703 0.205273
500 512 132.514907 0.149357
500 1024 127.516451 -0.00476879
500 2048 128.696082 -0.00165138
500 4096 130.705848 -0.0211133
500 8192 131.504567 0.0360792
500 16384 131.998254 -0.0970131
