500 0 210.979234 1.02689
500 1 226.580160 1.02896
500 2 224.627109 1.01792
500 4 219.998768 0.992174
500 8 213.652084 0.93511
500 16 204.383390 0.824188
500 24 199.707822 0.739482
500 32 195.096191 0.652774
500 40 192.293388 0.586753
500 48 191.067302 0.5359
500 56 191.099153 0.496688
500 64 189.934158 0.466351
500 80 185.639965 0.420682
500 96 177.326017 0.384703
500 112 172.716129 0.355919
500 128 167.029839 0.331524
500 256 137.543877 0.223584
500 512 131.042317 0.154886
500 1024 127.102634 0.11733
500 2048 127.820215 0.0860482
500 4096 130.356019 0.0731899
500 8192 131.237613 0.0705921
500 16384 131.998254 0.0703441
