100 0 35.167966 1.53222
100 1 34.985206 1.52173
100 2 33.639507 1.50405
100 4 32.601723 1.45787
100 8 29.572473 1.3638
100 16 27.837155 1.1719
100 24 28.233685 1.01588
100 32 28.869686 0.895938
100 40 29.099215 0.808003
100 48 29.049055 0.74243
100 56 28.451232 0.685811
100 64 28.597301 0.640971
100 80 28.199364 0.568331
100 96 28.203683 0.518441
100 112 27.950356 0.483735
100 128 27.623100 0.457978
100 256 26.577800 0.342533
100 512 25.894835 0.254866
100 1024 25.555406 -0.00817867
100 2048 25.333426 -0.00314683
100 4096 25.715750 -0.0434196
100 8192 25.807873 0.0756346
100 16384 25.826055 -0.203779
