20 0 7.977396 4.73026
20 1 7.242575 4.48934
20 2 6.791648 4.24001
20 4 6.208898 3.77715
20 8 6.057293 2.9984
20 16 6.268834 2.15963
20 24 6.192289 1.73898
20 32 6.161630 1.48662
20 40 6.112132 1.32969
20 48 6.259616 1.22713
20 56 6.018527 1.1513
20 64 5.940223 1.09052
20 80 5.957197 0.987175
20 96 5.854852 0.907252
20 112 5.791385 0.845455
20 128 5.826150 0.796967
20 256 5.637787 0.597395
20 512 5.527200 0.482612
20 1024 5.450563 -0.0171871
20 2048 5.434814 -0.00733961
20 4096 5.472640 -0.106593
20 8192 5.476785 0.187487
20 16384 5.474249 -0.50561
