20 0 7.593248 21.1123
20 1 5.471669 16.2842
20 2 4.856832 12.0095
20 4 4.441820 7.93351
20 8 4.676967 4.87529
20 16 5.276493 2.89048
20 24 5.426534 2.1216
20 32 5.437345 1.7255
20 40 5.414265 1.4994
20 48 5.426106 1.35774
20 56 5.415735 1.2566
20 64 5.419386 1.17556
20 80 5.405282 1.04902
20 96 5.413915 0.952971
20 112 5.397065 0.881549
20 128 5.388374 0.825971
20 256 5.401216 0.604092
20 512 5.378817 0.484101
20 1024 5.380252 0.421099
20 2048 5.422782 0.38316
20 4096 5.463566 0.369553
20 8192 5.476785 0.366834
20 16384 5.474249 0.366617
