0.169205 0 54.302
0.397820 0 49.533
1.250696 0 41.1997
3.027393 0 32.778
7.593215 0 21.1348
21.779309 0 9.63549
33.556559 0 6.67544
45.268265 0 5.11374
68.709556 0 3.47163
92.126363 0 2.62611
115.785327 0 2.1103
138.698376 0 1.7628
161.885086 0 1.51487
183.898397 0 1.32751
208.225642 0 1.18249
230.537965 0 1.06539

0.169205 1 54.302
0.397820 1 49.533
1.250696 1 41.1997
3.027393 1 32.778
7.593215 1 21.1348
21.779309 1 9.63549
33.556559 1 6.67544
45.268265 1 5.11374
68.709556 1 3.47163
92.126363 1 2.62611
115.785327 1 2.1103
138.698376 1 1.7628
161.885086 1 1.51487
183.898397 1 1.32751
208.225642 1 1.18249
230.537965 1 1.06539

0.133665 2 29.1672
0.316613 2 26.9724
0.955205 2 23.7076
2.244309 2 20.4931
5.468522 2 16.2948
18.319446 2 8.63447
29.606178 2 6.07705
41.186410 2 4.78186
64.200905 2 3.30494
87.011148 2 2.52842
111.232707 2 2.04494
134.116088 2 1.71763
156.211233 2 1.48196
180.144603 2 1.30116
201.863240 2 1.1623
226.412792 2 1.04812

0.226789 4 15.4475
0.439353 4 14.281
0.986364 4 12.7006
2.006354 4 11.303
4.564728 4 9.53331
14.640505 4 6.45853
24.526041 4 5.25499
35.100250 4 4.23783
56.812698 4 2.98792
79.339524 4 2.35239
102.051143 4 1.92229
124.163043 4 1.62982
147.498909 4 1.41572
170.968153 4 1.2513
193.458979 4 1.12213
217.633351 4 1.01408

0.261468 8 8.92982
0.548102 8 7.75061
1.313069 8 6.8149
2.422064 8 6.15432
4.523355 8 5.37738
12.680136 8 3.98854
21.266001 8 3.30211
29.421995 8 2.97767
47.867208 8 2.46221
69.671403 8 2.01871
90.559560 8 1.68679
111.390220 8 1.46475
132.030624 8 1.29996
156.108526 8 1.1618
177.894264 8 1.04629
201.197607 8 0.952867

0.273421 16 5.99437
0.572697 16 4.90741
1.426419 16 3.90238
2.776464 16 3.4077
5.241896 16 3.03817
12.583151 16 2.44576
19.215353 16 2.13557
26.678398 16 1.90927
43.252955 16 1.60089
59.899450 16 1.43794
77.077488 16 1.31198
96.349948 16 1.1963
115.690148 16 1.08933
136.790744 16 0.990734
156.893386 16 0.906936
176.742558 16 0.836921

0.277572 24 4.8548
0.576252 24 3.93353
1.441570 24 3.02346
2.805873 24 2.51388
5.396319 24 2.19196
13.108767 24 1.82518
19.704417 24 1.63309
26.755956 24 1.4882
41.566139 24 1.27582
57.386978 24 1.12734
73.368012 24 1.0337
90.722155 24 0.961608
107.984107 24 0.901659
124.608628 24 0.848945
141.349432 24 0.799064
162.877894 24 0.752168

0.279677 32 4.22413
0.580071 32 3.39191
1.444550 32 2.57243
2.797511 32 2.10574
5.428955 32 1.76366
13.200966 32 1.48021
20.037404 32 1.34439
27.244075 32 1.24018
41.451110 32 1.08439
56.622434 32 0.970908
72.824012 32 0.882807
88.683342 32 0.81861
103.386147 32 0.770894
119.621226 32 0.730519
136.185103 32 0.695791
154.759932 32 0.663806

0.280388 40 3.83231
0.581943 40 3.03729
1.440655 40 2.2855
2.802007 40 1.86422
5.419635 40 1.52165
13.237902 40 1.26012
20.016709 40 1.15536
27.246235 40 1.07283
42.385786 40 0.950865
56.637155 40 0.860419
71.093492 40 0.789178
86.919609 40 0.730357
102.260917 40 0.685373
118.220051 40 0.649815
132.754451 40 0.620797
150.020711 40 0.594522

0.281062 48 3.56715
0.583702 48 2.78547
1.435953 48 2.08568
2.792582 48 1.69233
5.430376 48 1.37208
13.274999 48 1.10297
19.983274 48 1.0155
27.099537 48 0.950802
42.180789 48 0.850461
56.537423 48 0.776748
71.356507 48 0.717422
86.322312 48 0.668153
101.682790 48 0.626354
116.651452 48 0.592339
131.581953 48 0.565738
148.895961 48 0.541889

0.281372 56 3.37856
0.584250 56 2.60213
1.437936 56 1.93566
2.797863 56 1.56092
5.424419 56 1.26804
13.223861 56 0.989462
19.880802 56 0.911559
26.957206 56 0.855408
41.713899 56 0.771597
56.831248 56 0.709241
71.676030 56 0.65953
85.757611 56 0.616973
100.645531 56 0.581054
116.296499 56 0.549935
131.496861 56 0.524002
147.798251 56 0.501559

0.282176 64 3.23714
0.584379 64 2.46174
1.439389 64 1.81523
2.795738 64 1.45616
5.419620 64 1.18629
13.246278 64 0.904799
19.854828 64 0.828627
26.835215 64 0.779553
41.414433 64 0.707157
56.340938 64 0.654488
71.252250 64 0.611209
85.923457 64 0.574903
101.222208 64 0.543368
115.990409 64 0.515478
131.806299 64 0.4917
147.369743 64 0.470331

0.283220 80 3.03235
0.586806 80 2.26456
1.442472 80 1.63146
2.795425 80 1.30387
5.403431 80 1.05571
13.167898 80 0.793764
19.595277 80 0.712501
26.462435 80 0.667134
40.693277 80 0.610275
55.426692 80 0.568787
71.617285 80 0.535277
86.388142 80 0.506638
102.013073 80 0.482049
115.960194 80 0.460554
130.301480 80 0.441133
145.475575 80 0.423471

0.283497 96 2.8965
0.586809 96 2.13308
1.442958 96 1.50335
2.792348 96 1.19324
5.410201 96 0.958388
13.185485 96 0.724575
19.611646 96 0.639126
26.091961 96 0.591604
39.876026 96 0.539273
55.365881 96 0.506078
70.040806 96 0.478549
85.318502 96 0.45561
100.324669 96 0.435604
115.335075 96 0.417888
129.590648 96 0.401552
143.694638 96 0.386786

0.283505 112 2.79592
0.586734 112 2.0376
1.444266 112 1.41098
2.789484 112 1.10933
5.398818 112 0.88582
13.215261 112 0.672528
19.506106 112 0.590011
25.938786 112 0.541136
39.433542 112 0.487294
54.048399 112 0.457049
69.059180 112 0.43531
84.424881 112 0.415674
99.014450 112 0.399162
114.637322 112 0.383801
129.468501 112 0.370027
143.387501 112 0.357768

0.283681 128 2.72078
0.587089 128 1.9636
1.444661 128 1.34087
2.789593 128 1.04149
5.391938 128 0.829579
13.146999 128 0.628469
19.350642 128 0.554467
25.718496 128 0.505393
38.910712 128 0.449526
52.730343 128 0.419624
68.150668 128 0.399329
83.328537 128 0.382682
98.536890 128 0.368137
114.298624 128 0.354999
128.938813 128 0.343363
142.504052 128 0.333026

