5 0 1.250864 41.1817
5 1 0.955782 23.6976
5 2 0.922286 16.4829
5 4 1.091344 10.3762
5 8 1.350410 6.13987
5 16 1.425640 3.74425
5 24 1.444990 2.95161
5 32 1.443686 2.53027
5 40 1.438270 2.25526
5 48 1.439460 2.06454
5 56 1.439493 1.91802
5 64 1.438817 1.80146
5 80 1.442119 1.62076
5 96 1.442328 1.49666
5 112 1.445018 1.40595
5 128 1.443875 1.33699
5 256 1.445473 1.09119
5 512 1.447480 0.960318
5 1024 1.444626 0.892729
5 2048 1.449801 0.853974
5 4096 1.454739 0.840381
5 8192 1.455198 0.837643
5 16384 1.455142 0.8374
