50 0 32.857869 9.61041
50 1 18.330784 8.61956
50 2 19.088144 7.9893
50 4 20.868694 5.45054
50 8 22.467814 3.6737
50 16 23.534444 2.33861
50 24 22.775114 1.77045
50 32 21.260868 1.44697
50 40 20.060256 1.2374
50 48 19.040340 1.086
50 56 18.278098 0.97659
50 64 17.659186 0.896312
50 80 16.578715 0.788535
50 96 16.036471 0.720304
50 112 15.597921 0.669147
50 128 15.165500 0.625971
50 256 13.017130 0.440438
50 512 12.966108 0.326946
50 1024 13.018653 0.267512
50 2048 13.108094 0.230047
50 4096 13.226983 0.216494
50 8192 13.286029 0.213806
50 16384 13.305732 0.213549
