5 0 0.736428 41.2181
5 1 0.955784 23.6976
5 2 3.787437 16.4829
5 4 7.335312 10.3762
5 8 8.408644 6.13989
5 16 5.792558 3.74426
5 24 4.343702 2.95161
5 32 3.554452 2.53027
5 40 3.088406 2.25527
5 48 2.785612 2.06454
5 56 2.569531 1.91804
5 64 2.419210 1.80146
5 80 2.210841 1.62076
5 96 2.075596 1.49666
5 112 1.981777 1.40596
5 128 1.909926 1.33699
5 256 1.445473 1.09119
5 512 1.447480 0.960318
5 1024 1.444626 0.892729
5 2048 1.449801 0.853974
5 4096 1.454739 0.840381
5 8192 1.455198 0.837643
5 16384 1.455142 0.8374
