5 0 1.801548 10.8473
5 1 1.460151 9.77554
5 2 1.317213 8.58211
5 4 1.314823 6.74197
5 8 1.414438 4.7984
5 16 1.445328 3.30865
5 24 1.451230 2.72269
5 32 1.450801 2.383
5 40 1.449416 2.15276
5 48 1.445108 1.98556
5 56 1.446804 1.8556
5 64 1.469282 1.74876
5 80 1.459541 1.58175
5 96 1.454263 1.4677
5 112 1.453400 1.383
5 128 1.453800 1.31844
5 256 1.458070 1.08702
5 512 1.451838 0.958969
5 1024 1.446098 -0.0364283
5 2048 1.450412 -0.0163581
5 4096 1.454739 -0.242397
5 8192 1.455198 0.428115
5 16384 1.455142 -1.15488
